167,52
167,51
167,50
167,49
167,48
167,47
167,46
167,45
167,44
167,43
167,42
167,41
167,40
167,39
167,38
167,37
167,36
167,35
0,498
0,497
142,30
142,29
142,28
142,27
142,26
142,25
142,24
142,23
142,22
142,21
142,20
142,19
142,18
142,17
142,16
142,15
142,14
142,13
142,12
142,11
142,10
142,9
142,8
142,7
142,6
142,5
130,1
130,3
142,4
142,1
142,3
0,273
0,270
3,2
3,1
3,3
10,171
10,99
10,86
10,18
10,32
10,235
10,33
10,1
10,23
10,2
10,3
11,25
11,27
11,19
11,13
11,4
11,30
11,1
11,15
11,2
11,3
9,7
9,1
9,5
9,2
9,3
8,14
8,12
8,18
8,5
8,11
8,1
8,4
8,2
8,3
12,2
12,1
12,3
20,2
20,1
20,3
19,2
142,382
142,381
142,380
142,379
142,378
142,377
142,376
142,375
142,374
142,373
142,372
142,371
142,370
142,369
142,368
142,367
142,366
142,365
142,364
142,363
142,362
142,361
142,360
142,359
142,358
142,357
142,356
142,355
142,354
142,353
142,352
142,351
142,350
142,349
142,348
142,347
142,346
142,345
142,344
142,343
142,342
142,341
142,340
142,339
142,338
142,337
142,336
142,335
142,334
142,333
142,332
142,331
142,330
142,329
142,328
142,327
142,326
142,325
142,324
142,323
142,322
142,321
142,320
142,319
142,318
142,317
18,1
142,316
18,3
142,315
142,314
142,313
142,312
142,311
142,310
142,309
14,1
142,308
14,3
142,307
142,306
13,1
142,305
13,3
142,304
142,303
142,302
142,301
142,300
142,299
142,298
142,297
142,296
142,295
142,294
142,293
142,292
142,291
142,290
142,289
142,288
142,287
142,286
142,285
142,284
142,283
142,282
142,281
142,280
142,279
142,278
142,277
142,276
142,275
142,274
142,273
142,272
142,271
142,270
142,269
142,268
142,267
142,266
142,265
142,264
142,263
142,262
142,261
142,260
2,2
142,259
2,1
142,258
